$ANSIBLE_VAULT;1.1;AES256
61613563393839333061393133303263643265323038643561373561316461366564636131323062
3733343338363664323832323030373839646437396232340a336135396131373461363638306363
32323533313136316263613532636536646465623036353663373665656661643065353265623730
6165663831316662360a333264636264396535333132306130636362323139373065636237343436
33316436343464643437353462303964323431623863653235333330633933613838616233396335
66633932623135396263626362613134396533653237343161366266333465613432386261626565
30323439646330393466373664393063636530353266313861396136393033303765643532303530
38323736396633303836633439326234396236636631313230613232643734646638353438656230
36643339356530333530643339663730306365653938623432613539306432376231353839623439
38613434656636646236373537626135393665666433306534366363343532393939333561316164
31373566343933623233336439383332363534643463656437353962653866643731326261623661
35613039383837626662333036346636303837386666306464393136343934386362303665666232
31373165326432336262306630306333343866376262666534343737313964303635656164623037
36373433336136333733306634636131616537313934633733653031366665323239656333316532
39343134643233663536633135623634323365376330646230633063396631386465616339396366
35666437623962376235633934333861356564613430616438616364613263303431643863336461
35386131333564666633646566356536636135643531303836313335326662383662376337643932
39376531366463303333323536386166326639373830366462656431353365316339363130616231
63303265623163333030326664353335396433663735396163666666623533643163346664346438
31643764333138373563383966326363633565386231393962623833376566376135376532303233
30656331643731323637306332616535316233646665343065366364363631616162353332343465
39323564666232383534346633346233396533386337383461303632376563393062656163333563
62636264353031323837626663303034363435666164653063326564386537383937353139626466
30373735613237326332653939313361643437313535666233333462343236376632313961366262
38623039343065343834323534303233323162323230376366656432383030633165383465336339
32303339386264333161316434326538636431623535616662633438306135643031643964363633
36323633366436663538353733626263313532326363313830383631633839326362356335343961
30366531366565616431623836346231333831326661363962346230383739306563613561313861
38356361376264336262626535376137393231646536363839356663303262333830376564383130
35656133376637643063363539393262303437643161616465636534393839306665343762326166
33653162386639663165353166393333326265306563636665353734383737346262303837373265
38393937623236316363633763383434326466316233366562626637633933343737633537326334
31326232343865623435636435333864333438393766373133613732613238353934393732616139
36613866623966326632356363613330343061643938363133353166343039623862393664366333
36336333666266633833396635376230306234666461636163353538376561303465303234376630
34363435323235346262653339313766323163303066333339313064326630346535353666623430
62663931333131623931353266323635633361306361653562626435313730653337306234366364
32643066393339323030336264643537386535373165336437313735623139383637633661666265
65633366653864643166656564363464653966306364363963383038346264626366393737643262
64313664613836366566363431666139346433356235346664326562373562646134653339323164
63386637623562656338613631336666306132396537363963633639346536616531333633656361
37613031363138626263626333643131643830353162353835633161356139343031616330316631
38333161313463633762303639393964623333383463666138623865636236386136373136643162
66613862333139343839333163316433623439306563396130373531313833313262303663306165
61363036373436643538363161623934306134653933303239633166336264326465623664333066
62623962353366343433333964643939656635343464363638623437396164613039613664623835
30373136623864656663623963366435346139376463653262336464376533656430656665346336
61336566346632383864626432346631653239363038336364616636666462653761656462313137
37666137336364366364346530326337383935366130356637613064623262613135363066633663
31663631363965383937626239383834643730326630616435353436313036316663303666363466
64366561383537393532643135643139336136333964303965396632346239383739356631313238
38303336386163623939383263626465333266313265653831383832623130353635386162386130
33353133663430346235393035613264386164336637323530343130346461636464366365373337
37656238646638636232653434363962333432396138393836663839396133306462653331343839
65656133333535366131353863313336353737643164323230643038316334663739316537383937
61343235393966613137303564383936353362366533396534666634356534386437336561356130
34393238393034313164636636346432633965313537613237373865366530663162363466336364
64313731623534666262663131636432313837616637623439623038636664663130623237653834
65306139386231313163316434383031653736373434383639326539613162373561326366306538
34396164363330396133383862656636333537376530633431326431656333353236333532643465
63376537353239323062313835396662386437386337666564623733643034306238663161393264
35623161613936366338303765353934613139316230633431353637313735346163376437323266
37303736383732366666356562343836306232316435316665626331613331313237623334613838
32363136386139313261626135316332366538626336316339343538663038633761386230346363
32636261343730633838383636376131313838643462363637613630373034313134313564356532
32356666663765663766316238396330373133363365343862626662356562326565613265656163
37313433363163353634386564306362663337623163663335323334363631663539336539336430
31353262613234383535666462663236663963636439323232326230633362313835653062303064
38366235653230666438333165636136333462633338383439626466333434373735656637393432
62623434393431643733613366373238313430323232633135306663363264306366316431343035
32386364383837316437376339366131393331653166383763613339356435393364393064623834
63643136663330316162313162303566643963306263323765616561346163336231653235343862
34633037306632356337353531326364613137373839643533343435616662306535393561306532
36376239663238626338376663386234373334333337333962356261303939386664616535313533
35613030643735396565653633336636373431643335363437373862353465363837316637363634
34376534396264396632343164626538303532656631343534616166626531383162366335353432
66333130323562386434326434393964373039636530353234346565633165663964313834656533
3063643934646361336234396164363230376130376462353237
