$ANSIBLE_VAULT;1.1;AES256
62353964633133356266656362386166323439653833386464663635303638633666316638633030
3961386239666662656437666563336532313036616132640a306238633562326663636664353133
63383262646433386532303863376666373934353932323037653930303738376265623331663230
3661616630346636340a343435303334393663336237333836333138663061323137346261393966
35383337356638643337656631623130333639396433363038383539383832313233643463646362
35363539316365366364613161343534643965656438643235386230613535636330356661323730
65346239383837376530373435373463386233333262346137333032316564373263393864663839
65373030653862616466636532366563376535663264313462373963393933666530306264663136
64386335323933653534653462383230653964376134346436616237343334663433353966366139
38343833393638343130643836326332353631656466663035373836313331613337393164646437
61303839356235646538323265373261323137306338353834376463303936623262653434383436
31323134633963616334373238366562633138373939613438306439623463336563303537363636
66663931313264656164663134626462626364336433363636643561373437653766383562373763
61313630376464303834626535366661356333626632653066356134346331383638386135646232
30396436623539313362323232373131303263653834386463616637653462373237666461623762
31653462343335636561616631666633643530306266633262363464366633633238616363366666
35386233653638333636386362323963623161306466616236393864353338313438616434633436
39623738373737343733366437613839623564613463316165316131646434343962626364616237
31333061373564656337626261356632373139303163663537333830373133393262633339663464
37336565356131316130306564343962363332303761373664343966333965386561356135343564
33383665396538323231383739366166333932323264663539663431643638323038623131356130
36356630353562643765306239353938303538623937366463646636333839313933356361323964
31353031353536393964386535303238313462303635643934323538336439656237343738363435
37323433656662393631613666643833653938626536643964396631383439646136373665313834
63373931303366623065653135353931356665613030366431396362303933323361356635333032
65623936653636613832303536316639646636626364656136626563643635343761646234346334
35636332383565323864313231666436633730303330313235633935653962303036313230393331
38613161633732326135373137623233353536383732316662346130323766643136633937323537
30393837316133306530393361393363306564356663306231383665666132373762323335393730
34626631346531633436323535336661363166396230326439336530646666613132386365303663
31633634336163353738636135363963633766376534303739616533643962623466356564623637
38663333376138633939326432653431343730373565396362313936623166393661383761373835
66363332366561366534356139636130353265363336393734643733333939336266613632396431
63323638346438643330333537616434363635616134376663376331383032356334333933666130
62643036616336646339626431373831383737633664616633366539373963303136653430626564
32366531623834396633383061336439633435623638393833636563336236333736353137323639
31316339643233643363396262613563623939343137373438353736333063613232613630316536
62396335633139653031656263386430633936333737666539666530323530616330663464353361
37396632353234393662653936396266313738623437383030316561383063636538346566633835
33356263333131346566373064656132653065616330653537303866316630623837363364376338
62643935323165326362353337373639303266373533653366633330653561303735363134396436
32313430326436316233346436643038616631313663636266656532393237623061303836343031
30323539376161626439623366303764643863343934626337663938303662333966663231336163
61623037333735373731353635626130386334353434643439343134636130356631626138613939
62323137373730383139323765613466616634333939356163376564326132353032626239613366
35316332396164653634633666383164376163633030363163383032373062313735623736373139
31333934636538613639356663633835366262656530633264623938323264636461643135353630
64643162316135393765666664313634333830626435663761326365653532623834666561333861
35663734363639363635656537386662656330643534386238343064643564376530373362393637
39636239373866663265653062666265336663653136623832633934373535306530653838616261
61643930373936656532656266636265356430393533636364636134386362396166373832613935
64323831353865363737656439333534316531376633393565643561333839633065396561666135
36393365356635646134613532646239623765636530316161623239666636633233353263663939
37396133613732313362346536366263633866323165343433333162363834613934613461633035
39326464623764353239623063613036373936666538613266643232306364376332653563306231
31393733376133663762303565633736383031636165623466353237313363613439343234303033
39613466356465333633306536663766326534643832316332353832643738613239663734346232
63373332366532343836366638646337623739623532623965643435356538346363373339313232
62336432643466353163323062626264353731373633636362326234313836393932633165376365
61616563313031353233373931363533636634353361656364383765316664653566356664333436
38633931633436636461626638306462616235396339306238383064383066356535303832303730
64613230393862353539356435366163653135323234633565313262633037346336643734333831
31653931623436633162393463656538643064363165396262353863393830623963336238313166
63623461653266353834663632363437636438363731633631353432376132383738666536626134
61653764663663333535346165666464393335336530363166636361663632363435303465633636
62613835366231666130386638363733326665353964633133303964343162393563366535646239
32326561316666636636663564363832643333636437336238633138356130663931386136636135
64666635643363336237643465346164666331356334316639323431643331303965326432653162
35643063393366373232383764666138626139303562623133653064303831643736326463303236
61363233643638333636373638626636363933656633323962393038313037363331656435326461
63333931383030343136393535643963653037303761633134363639623566363435376337336437
39656432333761626436393435306662636464373761366663396462653835663338633739643363
30323533343530366630363534356236343730633030393463363731383034653037643466353833
61613032306261316266353839313465316161393935323231383164613534313834626636323461
39613063396238636331346139646334353533633464666366303766653235393939623066343363
32333961393436613035326634646137333062366231646161353433633834353434663731343634
34316433353633353136363961396133393438663139656262306433363162613530346232346433
33363430623436343631366666663764393936643031633838643930343165356461643765653036
66343135373364663364663730623930643238666563646336613632613036376633306531643061
63326630356265346433356263623333363163643366666637623564356263626635343634313565
33653162376562343333303135633338383230353430663863616563666637623235333165303138
34653734653330616465333531313235656262303638393839343466646230616664343938336633
37616335613239306130643533353361643262613964646561653061653361656435383536333463
38623064376463663461363431373866313333353366326262666335653930363461346363343438
34343961613130333434653639383739663163626661666631383230333730346134666463303632
62376436313735373465343235366432333561656330363639666661643862653538346231333164
39353337343536306432353864613230353962623562643366386631353434646264393964383436
66613530316563636566653434626234313236643434383361346530323761363939363332643437
36623237623831616364313237316663626365386233393231373064346537646563386136626133
61353135616364346663306432623030386265626164393039306631663762316535326465623464
39366533646163366233343936316331333137393765373433306564393935313832646266383366
32336632323532326361613034386131373833636431386436306137323535353635306233633837
30306366666263633233393332363631393631386561323166653231386366633335663039643332
63363538343431613038366438373063613063396636383464636166363131653832613863623335
32346638636464386564313130376230616437323432333033306166386630316162383235313666
38623538313132666363386330353037333139663539393236656337633234363639623566386530
66646339636363653162353638343265376363656436643465353432306437393034636438616132
34666565333935353264386235393339336366393635316164636135636564376538643863303534
64363033313663373130656432373566386131316538383332623033623166313364366335363561
64663836326462343163386265333463353838653366626530613234646238343139393733356139
38346639326637346663353861316339653861633632663338396465323531366161383133636438
62313638346633346462316537346162616336643737666661646634623135336366323766323863
36623363643733656566613536623139633334356230306465636338626638383634373637393330
61323435643262623132346663646139316633393562653666333237363231613233306363393935
61343565316363346430336262356434646130343532663566326363613363366161333032323863
31356237383262616164623931656362376433636236616233633663396364373564633139643262
35343636663961633738633439326339626366326435383136303265613738363337656137396566
39346235646261613236373039333364323731376531363862343930616262653439303565303133
66353463326631306433306437643834623331353362333464396361336338313235393365343437
64386533323831666639653361653764656430393335333766623462326236646532623135616563
62303563643737656132646335653764653035666439316364303236353162383132643137323737
34343832616438623963346538643130383365353761333635316538633064303666346666353037
37346234323339316465656536663161303035396436353332636135336164326631326164643163
61313239343032666165373264356633303666333937333737636366633239616365353661333632
30323535313035383436653236373631633364653732303964323463306166303935313963616363
30623630303364666631393437613964613335366632656134633265303330613530663063343161
33343839636333653534336363333332353337613335376432363438376464666632386339316135
65636462306631323966383831616362386163303862313931636561353432393537663062376238
31343766653238393462623335333165643164393566373138363939613366663233376661626132
33393738313835663163386636613534643764383038343330396131353061373862383732386137
37376530326365363566343236316231643363386330663234373462343630326166663534633933
61383965336633393232313833326137633533323565616537633266316137613236643861626264
37616636393031633966353561303463653132623665363537333866363066616635306636393063
65386638663464636363656232653838356631336634613663376330366530366131666135313761
38376135343863623033353733356535313837323830373532636235616533306230353536656363
61346638323066656235656564333761623231626535373335633232316163343331646439646236
38336464643361383537376536313730363432366362363435613736356536663964666637623838
36636164366239643431363832303530393463646637343366323438333765663962323731353661
30646633316263633362343964613539353834326133363065316536383333653162373961333661
38303531623637666535353863323335356661373638386430626436626536313433383865313030
33356233393263303065643062366561323432623434383463643639623538623864353035613861
30313535313633663938656633396266376231396265613731343236313939333262326431623437
38633039343734333531376165363232613538346436303864363963643633326131643266316630
30663761646133613739616561656564306236353661636132373431363232346137346161356138
61303534363862653063636133626535333765323432303233386366613435663164643762383865
66363934323638653431323936643364633465613463366266386363613037306665343539626561
30616632653563366533646337316530636531663635666462303366623461376265336261666130
62383631356535356336343263386432346530396565386261306232633933376338663534313166
39626639386130343935386338656533316538636337623636313533306561326137623831343563
32643237626438663864653134616639306635326634643435306236633561363837616535656132
34663062366161666462646638343262363537336566333362663662626437636664633863383136
64633534353263356533326536323039643530373738626234353737633238373837646437653736
33366533316435623037323562383937653564396137613232316364633036323138336635333634
62633164366130346536643935373962353361333366616562396337373030613537313833353630
34613330326633613062633531663939363338306163656630623364656639333566353466333564
34666531663963366533303263366633613738346661303235366138383365613939333336353436
62386433633664633663396461613633366630343830613462313535376331653739373037303964
65313732323530653735623034396433653930323864636235643665616161623330643464356637
33353438656566383766333666326662656366393765373733373039353931653663653038663337
32613533643737333733376131316635393338363765626266343563613263396332336631326430
38336265623037616435376531656537333530663534366633636134646466376361633138373731
31613739643232313630363462393364366138383234623363386263373365353561383061356636
39383635633537653633623137393339363639353763343237306338616436633066633061643564
63636531363566633339396239323736643833383139393430393466656234396638306564383665
63646131313533343432613631373332343762653366363939643231323237663137646161616666
63366638333135363161613764663265626362653335316564303465333966323661396135303261
33313763336432643530633961613532623066323834633532323734383330326332363638366330
32636464653138616331376265653732333037353561363865633561313537303036313038376639
61373933643836373934326631356566353066346163393037613737313634636334303666623234
35313466613138353732313336373838346134373633373861623434393162656365333037653630
66613163383733303966316438616232356238376165373162663835333362363832303834396439
38313936653735333935363034633438373034306363633662386132616465333039363335373366
37306636663234623932366236343966326339363664373333393534643234666337303061336537
32626631373231376265356634343663333436333266343266356234383139313263343638653932
62333837313662613230653037346666386437633066303731373536323765666232376533656663
38356465626437633466636263653038636135316462663736363036366535323430386431326633
64663438336465333164373239666461346131383666383433326337316135326564386163646265
35383338663464386362666165383366333933313236623536613834376162336465653131313861
66313937396364353232303763376438313836663530656162646230663131636439373538363665
65356238643130366264396334616332313863663064336131356634346637303139353935356434
35653161376236383432386466643035303765353631346364663938353330343763333431336334
31346130626436373634646562323931303863333364396265313035396332613465393531326333
62663535646237643565316666303132373362333435343434663030333162643235
